$ANSIBLE_VAULT;1.1;AES256
30653537353638623639303962393130316165613432613237323964656366323764393839633162
3032373464643632356332303661356666366537313131340a333961346534396266616134313862
62633765623831363435376230366231336537353766393063373035613630336263336638313031
6638643735316663320a633031363339376236666534653533623463656563333138616336363437
63383965393437393561613764663337356162333038336335313432373230636238313765663635
35363861393165336538646265643032373132613832616561333966323638383431306433313362
63393830393238663033333261343434333130333761356266313535343562656562333062363838
37373934303061363666373236373331306161373762396433633738303263373638323536636263
32336438323661353164656661313335663065616663636439623066383932363936616538623564
33663532353466323337346464343637303837323931376132313636356431313164363837646330
61383934666565386363366531383634643966323034613034386435623034663033346465333230
66616263326433616130636237303632396538616532333164363535313434363438393265373134
32393935643531663435356634636633386634343239646335326131363035363130333565616630
31616661346631376335366364646232396439373438616163636639306434376466326361323936
38356638626637393766646162306263656261373135613239383633316362303331356461396566
33343635666566323066666234336364663762383763663331323838613938616661336230626433
62376566326438323836653735666531633538376637636236313764373637373761656135653965
66636337313230306538363963376435366335333133396234633962383865666137343333376638
33306431303264363963393861356666616538373461633735616437323431373338646531393565
32336531306233663563623634643435376137393130613161613864653938643261333332313764
38643261653339323832633937353632383864313964353938623263393265343838633835353362
37386666333135653664633831636433373839313639323035383131356237343265326462333363
36303465353837373839633338633737656135303136393561376436323031643135363739363731
33643838666464636234633731393766393536313862353365343839343563353833353862656539
39313763393634646163383062313061653134393863373932393537623033663661383335323636
39346631393762323737303137623838313433373931356235663338373237303630633133316166
38336434346233343038373964323439373061306461393538303230373731633661383262393536
30336337333530333336363434613636313935636232626336623439626535333533346230343663
61633066353530666663376539356363626666386362626434393837623163313531333161323332
35386662333539356433356161363866666463643335613065313835653863373262626665373263
66663632613537663533313062306337373638363839323664613063656533363962306631616262
65656634363965353139663932313663636463663834346130326337633234646364373832656666
62666437363039313264373339633736306462326261383761383439636433353138386134653863
63313535616562303533666333333866393733306662343463666161343837646230666232623232
33336132306438653934636661363838646365336639303831303535383030653538656133326538
36616361336564376662663765313965323864653433386137643633316436313338316366376233
63373430363638386332376432633032323936663365393639386162373366623763396230386233
61666438396239656131646533366134313666343466623932623062383530383636633835346537
65396262626438366662373731336534313339303030666331383931383136313632636164633464
65316665376630333139313330373863656635326535656366646662373337313864353536653139
66643766623036663566633835636634623565323664383966636630663939383935386635303866
61663961343430363261303436353762343939613363383938393166393132386530363739613966
62313766353966333861616561303330663863373635663939303731376430623233343531303932
37313832383564313362633262633765316133633032633364656133646637323761326532643936
63636664343131343166306264363561343931633938383664303731326633303166376134343165
62633939303664643665653462653364353531316235303133396431663964326562343364313766
35633838643664386162383533636265646462623566633064373231366564373436346138333565
36666632356435303261356530303163623566633435333332336461643732373865653462303563
65353235303237353339363065326431623264666663336166313431653130363637323337386137
30386635306436306364383332613335623536333833623664346365653537363439633434623861
32643363623831346663623063353735313063633432633165343961663736376237386561336338
37323932613732646364303664616337343736346562326665346634306633323564633561383732
36313739303031626361383561323336383961363236653835633662343439656663343739306665
38303564613136616662633666373239363464666638363031613766373035343738323839623636
31643565343931386166326430653132376537373364376338303531653434363637313637353238
32396432366239653363333364323863393265323263373834626563646130313630626138383035
39333936636337633630303062643738653865346633343633316134363136653461363737383632
61343762316564316534663634663466393062373333663130653464363365626633386166353536
39336466663865313233626433393634366261356363333665613764643865613432653865386434
30626365663366633233353265653562303363323262613661643965356162383231653336366231
62623166343239336163643765356264353835376436333063366534326432653937323235303762
39633363646235626339626662356434353161323535653034393030643232613165656661333637
37373233643465613135326637323262376365313435636165343638356465363437623236363638
35623366626238636563353939646435646237393066663462393537666138303335323864613738
61396338633330653333326563323030656137396331623233346532623662643939353066356539
63326135313861303734366430303531646236656664303232393534346161383135633339343436
37633539636165623863333863646432363761656639633532323432663337623331396634363134
31666336646135333838663835326536653834343134663834376335623334373735636631393331
62313533666530663832353739393236346231663862376266333034356338653836653461623138
39366635323266656166326464386132333565316534623735323063343831393637353034376137
36333732393837613464366330663866393632633565343733666533373037343534313632376133
37396263613735666437643038343335363939613730313862313665323031346666376636613461
34613235333030366565393331386537343434383433323336626639356233346563366433666436
33663436353765633636393065653763363834353539323333353338663932333938643539366138
64396461643338633266373639613165326665326533363837383765666533326536343562663937
62303766306435633561373233353337633437366161323065626665666337356132383766326139
30323666633436626665353937313637333931623835643634303464333534316466373531616433
37376364396639313834313137633362653363336164373238346639386631653065643836633863
33373830626339316164636135333864356234393662323266636130383533303263303031303338
35336137303964623766356332386330306339633335306439396165643339646266353935313533
65393034343862303364303833336436363231356235666633383238363331613265303863626165
61313733393830613864633235343038386230636438323033313266316134306436303261633938
63636264383538336433393139373033313165366134646330303930313463383431336462363766
32323739303161643533623932633263323931643266306637653135383139643961326230666161
37636634613463323831306232313236666662326135646631383364393339666238353737653834
32646262376335323933383135353161616266343134663736306334653162656633316339376563
32663339373638313964353562336232313161623532643339616262376539346163393163353235
31343262623133323066366634333861666436333862343232623034636265326233666366386431
62316563646565383161633032376665616162373434663737333736633065343932663539653635
64376534343437376231653566316165396262666666306265336537386135653661666631363031
37373461653038316664656439666461346431653836623932626266623064383464343665303639
63373337663962343134386334653335653635323335646534323266613530313261333430653366
39633439643036333938383465646264303966656537663036623065363832383664383232336638
34363565643765323362616665343937383131383634346462663434336337623536666562663032
32396237323962623837306436373931343831636135663334313339366630623966333864323935
32616337313235373262643736386139323836656134386233326235326633393934316161363031
30333663366335306239356162343632353437636630623236333530343438616666383265613230
65383333336562623463363034333836396335316131633930613130653039353430633137623338
64306363633261393535313630626432383961303533336232653566373035366665653638386330
37616465353731353564373862306439653236393133323332346136346362646433633431363964
63373332363938613833616136646137373938656263376566356162663566613362653334386239
65393234643165653265613738306130653939346264346239633863666664376435643863633630
63386337346161306564643332356231653931653730383439396364363634643639616336383664
31653265393562323665373533383033306637396266366338663963393631303234376638653638
33653434393166356133633236356234623038343139323133303135383832303535326131383431
37303461336362343838666338343332323966316237383836663063643264336637666332653833
33306230393637353930323031323731633435323165626138393064333132306632653335373162
37636261616436336533663361316237313461353939653534653930363862383636636239363633
38346162366536316633373033343139356531346230626366306561613736326439376133643066
62343839626461366334306366333762653334396361333930343364336364636235616438616335
38326462386239353236383132336539626665633565356336376136303839396164616663616531
63393366383866326337326562336436653762393266663235346537356132386434393661383137
38623865326436366239656661346336386635316334313538656563336135373938303230346138
30643564393630643462613935633830383230643530646364643733363638666463353031363032
66663832613335303862623033636163393939613531616233613663393930393561323132613632
36666639643637363031643162656437383562643138303766316238666634316666386262643264
64623939613033343338353761393737383366373866613136376165346234646631343535353062
62303461306133313636346535343862343861346437343436356630333035363432373762396431
38343830333037343262613538646334643132613865313532646435393638353931323661313137
36323864653938396533376463646662353137343131373634316139396363656165363964396538
33356535306536323436393464366535633438636632393561373061613539393165613163643763
32396136306363646636353830376363623132626431343262316138656230313930303432373866
34323336373137616134616664333937636530336639326266643137623464336362326463623439
64323534386135336261396438646236633563396263633039393835383037313365393664333334
32383161373663666636306338353666323033633938356530663634356139613033663863636561
66333061633066326661613030663663316133633862643764396262356663313033363838643033
633837393131316233626163363537653137
