$ANSIBLE_VAULT;1.1;AES256
35303138373665386334376132316139323037393038633765353064643261313431373065386361
6439316666366433306630346331383835376139356264380a363536343733636538653962343632
64396134623637313137363431356433613464386166626566633733653531616462663236633763
3237636561396266620a346338633463393463313438613066333363663864336662646531353264
34636462623039316662643338346565393533353733666636343939663364613865653335313635
35646562393739383763353932356136373932653132383138363435666462363764303734323837
61313561383736636630666164313238316462616333303166633934343664616434303234323238
63626666366539383335653562313337396431616161326530316631376532343830366538653234
62653136323465383739316235646333303035396461626636356338333333656637346532623961
30633165303365326538363661353163646333393833316362313635376565633638353536663435
66373430613634353536393333616637643334363830303230393665383637396533333766316332
61653338646439646236313162323434653935333132643066323666336366636435323463626239
61386266376337633131663762303636626632656161656235646639613732626430363265643465
32323330383634313564653237323634383563353634323062616131643065313436613436613234
31393566653530633636333864303065616634653866653862393066373638363438356132326638
61626563636265363238386639353435636238346538376538636430333163613162336235623962
66343831636466643935393130636535326636353338343734316237633439616563383737613338
38376464653530656134343437663439343433376130663262343666356231323337306632303935
65363839373437643939613135633362396166616439626639303335656633646165633362343534
33656636323832383237343131393233353566643065306538646230333461393336633866653332
63656239373233363634653931303235313933633266386266626261656465646662396138616334
64363637666134336138383364356666306361333061326633613630363739366633343031353336
64666236363631626664393838313363306531633132656334303431666336393865646565316532
39666261306662643035313537636462643731393064646662333037383732613430636465383064
64626636666636353735666434653037633131646261346261306337633966363739373637306435
36396663396535333535613761643437666137303364303538633966643737643166653236313635
37383431346433313138663863303065616462383832303132393838343461633865626266386330
32313663323166666534616338626361323365623036306332336366313066646263336364326462
61643632353461633565333931383563386265346634316135356233383632636262633730663235
36653762666461363230366661346564343965316662356465613436313431656231623261393338
32356235303137316334366438663766653533663835653439313337316236646236636635366532
61383932306563306238303630616564326666666333306639366135303961656531643263383739
30393436396163323639633337373933363637356431363438643637666262626533656566306330
38313132346361373830323630666432363863383262653562363463353463643663376462336236
66636135353034313432313763313330323932356632376233626332376662613535346334623564
65343336356439363737643463636665646266613537363163353834656533316539633232623033
30313763386432613965366636373364636139613839373865663237646261373266393531623533
35656434376235333435396435646335333834663639333838663836303661326264643735386664
31346363333835333565313036393837666165353935313063343638613430333934623261646439
35303739316533306264326139643233653536373766396434343661666338656138653663663134
65356238613236303432643535393530333330323065383134383964616562393237326235346337
30343864333735386131323764363431373761366262393465633565653431663537363832383462
65323561363639633335353330336331626432396538386639626638306363336533363062656439
39323639616662613435306564376431633464366131616166643561373464386364383936373432
65656238393734616339613365653063613734356131656364626236646565343161373939386165
37393461353361663630633334323733303066313362623633393338636533636662383434356466
38653637303763346430323832616537366565343930376135343934656237333336393463343461
38656534353865363635656435373634633462653364663438356461646362633030346530323231
62653562363834626631323337366530363834343835383232633065313162383664303431313864
63666562653365643361613564383264303461383733666530306466343634393737326139666565
38636636633335343531393936393363633537306163303430636233393737346661656162393035
37393562363839356439666535383563653437393864623533626265646531663838643636643764
30316261343935316339633362616434663164663438383636356462353366356334346636316666
63333938306461623837316662313865653238393765653935613131643336396234393562333266
32356539343236376538663334633864613838373039326439386231643038373635393363393462
62333033663062653239363231346565303334343232323239353362383262626635306431353231
35653732313865633063613163306537303661313161366435316438316261663033663237613332
65613464336366616162616232653066336630383665333734616533333237313432623130653839
61313532393738663964393263613431313664363930396439363065383765316562626663346239
38643362316132336331656661333766326463333661393535643135346433333738306131343137
35343233313734633234386161386438393433306332623031633934616635373738383134383239
30366466326662343063313735366662383233323936326230386566323439623837366463343665
35623138303339343731303038653932633966663930396632346665393265653131616262653834
30376338633135633831356138343136366166623735323662383736646637383034643165353135
66383733373736626166373232343338353934386639373764333466363461633834396639333265
36393435656538643439396630303336333130636431363239363636373030356166633561633332
32643731623838666662316562663836643661663938656437643064313464353765366537333139
66333236666364343331646433666164623836623732303130316632636230366461323736626565
33303166626131336534366431346561393739316235656239613765313639393162383337363262
35366635663363623732366337396235653238633161383262313261316665363639336163356132
31343336316565666233316261373935386638626334366464363161306461353835623762323162
34666631313138663538633764383438393431616432373566323533633633646266643333633238
34306565666630333361316263643766396436646233336262333664626536343863306539386365
66303836333032643032393364626334666136646535333931383065656164663564383535653234
34633032333865666364356230356563383731386264656264356165666435353565383264333238
64663435613638313533386163616431666165366432616639663133643761336666396233646665
34616635656235666239666439303133626632653733323032383739386666346161626365646437
39313338656539666438616539383361346536623763356264323962323833373433343835633534
30313236663637306163653237323865623734346666376135343834613333333032323635663536
38373462376432633238343662306163643839353332636534393939636233623562373861613038
37666165383639616635626565613065386663666365663062303037373965393035386566313735
64613730343638643639616539303565336361663835646636386138353065646534646266633962
32333065343761333436313236653731656465383136346231386232623363646238346331313238
62653835336266376537
